%YAML:1.0
---
R: !!opencv-matrix
   rows: 3
   cols: 3
   dt: d
   data: [ 9.9990234120408272e-01, 2.0048403957765668e-03,
       -1.3830714716948517e-02, -1.9083995691131308e-03,
       9.9997380014759152e-01, 6.9826233944844098e-03,
       1.3844351399713987e-02, -6.9555469498850065e-03,
       9.9987996994686779e-01 ]
T: !!opencv-matrix
   rows: 3
   cols: 1
   dt: d
   data: [ -5.7236877799871323e+01, -2.4949098213291779e-01,
       -1.0584172534755070e+00 ]
R1: !!opencv-matrix
   rows: 3
   cols: 3
   dt: d
   data: [ 9.9996957761254701e-01, 6.2339003074606348e-03,
       4.6885324293237099e-03, -6.2503120030433712e-03,
       9.9997436272599238e-01, 3.4939219524603746e-03,
       -4.6666314669994349e-03, -3.5231204495326561e-03,
       9.9998290494040409e-01 ]
R2: !!opencv-matrix
   rows: 3
   cols: 3
   dt: d
   data: [ 9.9981957400833199e-01, 4.3581337253773399e-03,
       1.8488539699749913e-02, -4.2932360457327307e-03,
       9.9998448837917397e-01, -3.5483975675274807e-03,
       -1.8503717303642548e-02, 3.4683816793056109e-03,
       9.9982277568300748e-01 ]
P1: !!opencv-matrix
   rows: 3
   cols: 4
   dt: d
   data: [ 6.2888077085951238e+02, 0., 3.2202260971069336e+02, 0., 0.,
       6.2888077085951238e+02, 2.6865101623535156e+02, 0., 0., 0., 1.,
       0. ]
P2: !!opencv-matrix
   rows: 3
   cols: 4
   dt: d
   data: [ 6.2888077085951238e+02, 0., 3.2202260971069336e+02,
       -3.6001667468929576e+04, 0., 6.2888077085951238e+02,
       2.6865101623535156e+02, 0., 0., 0., 1., 0. ]
Q: !!opencv-matrix
   rows: 4
   cols: 4
   dt: d
   data: [ 1., 0., 0., -3.2202260971069336e+02, 0., 1., 0.,
       -2.6865101623535156e+02, 0., 0., 0., 6.2888077085951238e+02, 0.,
       0., 1.7468101203986001e-02, 0. ]
