%YAML:1.0
---
R: !!opencv-matrix
   rows: 3
   cols: 3
   dt: d
   data: [ 9.9990599261567625e-01, -5.3923594606540418e-04,
       -1.3700918066087055e-02, 2.4758338573086045e-04,
       9.9977352733874159e-01, -2.1279866896145840e-02,
       1.3709290051868835e-02, 2.1274474311837752e-02,
       9.9967967475038166e-01 ]
T: !!opencv-matrix
   rows: 3
   cols: 1
   dt: d
   data: [ -5.7604596073963471e+01, -7.7382959558053532e-01,
       -1.3226393371368237e+00 ]
R1: !!opencv-matrix
   rows: 3
   cols: 3
   dt: d
   data: [ 9.9987037632272624e-01, 1.3374935779954503e-02,
       8.9633501065129340e-03, -1.3279220344194988e-02,
       9.9985506359483356e-01, -1.0654300109418088e-02,
       -9.1045515705140793e-03, 1.0533892758772579e-02,
       9.9990306742406121e-01 ]
R2: !!opencv-matrix
   rows: 3
   cols: 3
   dt: d
   data: [ 9.9964636275242957e-01, 1.3428719118506061e-02,
       2.2952536650104174e-02, -1.3671156097719758e-02,
       9.9985205813157585e-01, 1.0438454914570265e-02,
       -2.2808965929868134e-02, -1.0748551199487595e-02,
       9.9968205931702214e-01 ]
P1: !!opencv-matrix
   rows: 3
   cols: 4
   dt: d
   data: [ 6.0244976050565765e+02, 0., 3.0010294723510742e+02, 0., 0.,
       6.0244976050565765e+02, 2.3860472106933594e+02, 0., 0., 0., 1.,
       0. ]
P2: !!opencv-matrix
   rows: 3
   cols: 4
   dt: d
   data: [ 6.0244976050565765e+02, 0., 3.0010294723510742e+02,
       -3.4716152033235710e+04, 0., 6.0244976050565765e+02,
       2.3860472106933594e+02, 0., 0., 0., 1., 0. ]
Q: !!opencv-matrix
   rows: 4
   cols: 4
   dt: d
   data: [ 1., 0., 0., -3.0010294723510742e+02, 0., 1., 0.,
       -2.3860472106933594e+02, 0., 0., 0., 6.0244976050565765e+02, 0.,
       0., 1.7353586881659545e-02, 0. ]
