%YAML:1.0
---
R: !!opencv-matrix
   rows: 3
   cols: 3
   dt: d
   data: [ 9.9990814890271507e-01, 2.2562637558033749e-03,
       -1.3364244528219540e-02, -2.1238055699198638e-03,
       9.9994856698926404e-01, 9.9172993308911002e-03,
       1.3385933207922982e-02, -9.8880053590986554e-03,
       9.9986151248168942e-01 ]
T: !!opencv-matrix
   rows: 3
   cols: 1
   dt: d
   data: [ -5.6298850558676648e+01, -2.8755442278272253e-01,
       3.4286182875414024e+00 ]
R1: !!opencv-matrix
   rows: 3
   cols: 3
   dt: d
   data: [ 9.9722154909611171e-01, 7.9509922737961407e-03,
       -7.4067291972996802e-02, -7.5852289818359167e-03,
       9.9995761619728918e-01, 5.2182478216438238e-03,
       7.4105642967619137e-02, -4.6419318065873943e-03,
       9.9723959315174548e-01 ]
R2: !!opencv-matrix
   rows: 3
   cols: 3
   dt: d
   data: [ 9.9813774613975115e-01, 5.0981311447862668e-03,
       -6.0786912982056067e-02, -5.3981020833627769e-03,
       9.9997404584367056e-01, -4.7715964768940047e-03,
       6.0761009084404523e-02, 5.0908445145449810e-03,
       9.9813936054900354e-01 ]
P1: !!opencv-matrix
   rows: 3
   cols: 4
   dt: d
   data: [ 8.6047302824124790e+02, 0., 8.5676287078857422e+02, 0., 0.,
       8.6047302824124790e+02, 3.0061370086669922e+02, 0., 0., 0., 1.,
       0. ]
P2: !!opencv-matrix
   rows: 3
   cols: 4
   dt: d
   data: [ 8.6047302824124790e+02, 0., 8.5676287078857422e+02,
       -4.8534025102326181e+04, 0., 8.6047302824124790e+02,
       3.0061370086669922e+02, 0., 0., 0., 1., 0. ]
Q: !!opencv-matrix
   rows: 4
   cols: 4
   dt: d
   data: [ 1., 0., 0., -8.5676287078857422e+02, 0., 1., 0.,
       -3.0061370086669922e+02, 0., 0., 0., 8.6047302824124790e+02, 0.,
       0., 1.7729273976907520e-02, 0. ]
