%YAML:1.0
---
M1: !!opencv-matrix
   rows: 3
   cols: 3
   dt: d
   data: [ 6.5734228343262055e+02, 0., 3.2052848274214136e+02, 0.,
       8.7199106989319375e+02, 2.4018108581540926e+02, 0., 0., 1. ]
D1: !!opencv-matrix
   rows: 1
   cols: 14
   dt: d
   data: [ -5.2826371332706838e-02, -9.3538775020054077e-01, 0., 0., 0.,
       0., 0., -2.4857335639048723e+00, 0., 0., 0., 0., 0., 0. ]
M2: !!opencv-matrix
   rows: 3
   cols: 3
   dt: d
   data: [ 6.5734228343262055e+02, 0., 3.1613506816476519e+02, 0.,
       8.7199106989319375e+02, 2.3692726012556258e+02, 0., 0., 1. ]
D2: !!opencv-matrix
   rows: 1
   cols: 14
   dt: d
   data: [ -1.1686663227489440e-01, -2.3289772725801894e-01, 0., 0., 0.,
       0., 0., -4.7611048596397054e-01, 0., 0., 0., 0., 0., 0. ]

