%YAML:1.0
---
M1: !!opencv-matrix
   rows: 3
   cols: 3
   dt: d
   data: [ 6.8295217828778732e+02, 0., 3.3148645379489136e+02, 0.,
       9.1460646252424954e+02, 2.7697033986089980e+02, 0., 0., 1. ]
D1: !!opencv-matrix
   rows: 1
   cols: 14
   dt: d
   data: [ -2.4136342855980732e-02, -8.3735877338178266e-01, 0., 0., 0.,
       0., 0., -1.6087284599626315e+00, 0., 0., 0., 0., 0., 0. ]
M2: !!opencv-matrix
   rows: 3
   cols: 3
   dt: d
   data: [ 6.8295217828778732e+02, 0., 3.2783498231488181e+02, 0.,
       9.1460646252424954e+02, 2.5639648201578581e+02, 0., 0., 1. ]
D2: !!opencv-matrix
   rows: 1
   cols: 14
   dt: d
   data: [ -8.7720150927212942e-02, -3.1692256528077051e-01, 0., 0., 0.,
       0., 0., -2.0867316919720114e-01, 0., 0., 0., 0., 0., 0. ]
