%YAML:1.0
---
M1: !!opencv-matrix
   rows: 3
   cols: 3
   dt: d
   data: [ 1.3931233818220724e+03, 0., 6.7912916376053056e+02, 0.,
       1.3720665285759403e+03, 3.3972423757447086e+02, 0., 0., 1. ]
D1: !!opencv-matrix
   rows: 1
   cols: 14
   dt: d
   data: [ -1.4024597190126759e-01, 3.7176655139477577e-01, 0., 0., 0.,
       0., 0., 3.2282298072752353e+00, 0., 0., 0., 0., 0., 0. ]
M2: !!opencv-matrix
   rows: 3
   cols: 3
   dt: d
   data: [ 1.3931233818220724e+03, 0., 6.7036019191859566e+02, 0.,
       1.3720665285759403e+03, 3.0505121423678673e+02, 0., 0., 1. ]
D2: !!opencv-matrix
   rows: 1
   cols: 14
   dt: d
   data: [ -6.4389159902017462e-02, -6.8262240681736663e-01, 0., 0., 0.,
       0., 0., -1.5135798496099200e+00, 0., 0., 0., 0., 0., 0. ]
